12.78
13.17
13.44
13.44
13.44
13.48
14.19
15.1
15.18
16.17
16.18
17.19
18.21
19.22
20.22
21.14
21.17
21.19
22.17
22.18
22.24
23.16
23.18
24.18
24.18
25.14
25.16
26.16
26.18
27.19
27.19
28.08
28.11
29.31
29.31
30.1
30.12
31.18
31.21
31.34
31.45
31.52
32.16
32.17
32.18
32.68
33.12
33.24
33.28
34.16
34.18
35.14
35.18
36.18
36.2
37.12
37.18
37.24
38.16
38.33
39.12
39.42
40.16
40.24
41.14
41.33
42.08
42.12
42.39
43.11
43.28
44.1
44.18
44.38
45.1
45.13
45.83
46.13
46.17
46.27
47.12
47.19
47.62
48.09
48.11
48.16
49.15
49.9
50.11
50.11
51.14
51.18
52.18
52.18
53.1
53.17
54.18
54.18
55.53
62.17